2
4 5
1 1 1 1 0
1 0 1 0 0
1 1 0 0 1
0 1 1 1 1
10 10
1 1 1 1 1 1 0 1 1 1
1 0 0 0 0 1 0 1 0 1
1 0 0 0 0 1 1 1 0 1
1 0 0 1 1 1 0 0 0 1
1 0 0 1 0 1 0 1 1 1
1 0 0 1 0 1 1 1 0 1
1 0 0 1 0 0 1 0 0 1
1 1 0 1 1 1 0 0 0 1
0 1 0 1 0 1 1 1 0 1
0 1 1 1 0 0 1 1 1 1



너비 우선 탐색은 맹목적 탐색방법의 하나로 시작 정점을 방문한 후 시작 정점에 인접한 모든 정점들을 우선 방문하는 방법이다. 0과 1로 이뤄진 지도에서 상하좌우 만으로 이동이 가능할 때, 좌상단(1, 1)에서 우하단(R, C)까지 최단 거리를 구하시오. 이때, 범위 외의 지역은 벽으로 가정하고, 1로 표시된 곳으로만 이동이 가능하다. 지도의 크기는 R, C로 주어지며, 그 범위는 1 <= R, C <= 50로 한정한다.

2 // test case 개수
4 5 // R, C
1 1 1 1 0 // MAP,
1 0 1 0 0 // 0: 벽
1 1 0 0 1 // 1: 길
0 1 1 1 1 // 테두리는 벽으로 가정
10 10
1 1 1 1 1 1 0 1 1 1
1 0 0 0 0 1 0 1 0 1
1 0 0 0 0 1 1 1 0 1
1 0 0 1 1 1 0 0 0 1
1 0 0 1 0 1 0 1 1 1
1 0 0 1 0 1 1 1 0 1
1 0 0 1 0 0 1 0 0 1
1 1 0 1 1 1 0 0 0 1
0 1 0 1 0 1 1 1 0 1
0 1 1 1 0 0 1 1 1 1

output
#1 7 #2 20